def _define_paylines(self):
        return [
            [(0, 1), (1, 1), (2, 1), (3, 1), (4, 1)], # Payline 1
            [(0, 0), (1, 0), (2, 0), (3, 0), (4, 0)], # Payline 2
            [(0, 2), (1, 2), (2, 2), (3, 2), (4, 2)], # Payline 3
            [(0, 0), (1, 1), (2, 2), (3, 1), (4, 0)], # Payline 4
            [(0, 2), (1, 1), (2, 0), (3, 1), (4, 2)], # Payline 5
            [(0, 1), (1, 0), (2, 1), (3, 0), (4, 1)], # Payline 6
            [(0, 1), (1, 2), (2, 1), (3, 2), (4, 1)], # Payline 7
            [(0, 0), (1, 1), (2, 1), (3, 1), (4, 0)], # Payline 8
            [(0, 0), (1, 0), (2, 1), (3, 2), (4, 2)], # Payline 9
            [(0, 2), (1, 2), (2, 1), (3, 0), (4, 0)]  # Payline 10
        ]